0,0:0,0,0,0
1,0:92,92,92,191
1,1:102,77,66,191
1,2:106,77,65,191
1,3:120,120,122,191
1,4:122,122,125,191
1,5:88,88,88,191
1,6:89,89,89,191
10,0:137,72,16,196
100,0:117,23,22,196
101,0:110,108,106,120
102,0:216,242,246,59
103,0:124,126,30,191
104,0:127,182,81,28
105,0:127,182,81,28
106,0:30,80,10,140
107,0:133,108,64,59
108,0:125,85,74,177
109,0:105,105,105,177
11,0:137,72,16,196
110,0:93,77,70,191
111,0:17,87,23,131
112,0:38,18,22,191
113,0:36,18,23,97
114,0:37,18,23,177
115,0:113,18,16,168
116,0:78,71,66,208
117,0:71,68,58,104
118,0:38,38,38,184
119,0:103,44,180,255
12,0:160,154,116,191
12,1:113,58,22,191
120,0:76,90,71,206
121,0:141,143,105,196
122,0:8,6,10,126
123,0:44,27,16,196
124,0:76,62,40,196
125,0:114,93,57,191
125,1:68,50,30,191
125,2:129,118,81,191
125,3:101,72,50,191
125,4:113,61,33,191
125,5:41,26,12,191
126,0:127,103,64,130
126,1:80,58,35,130
126,2:151,137,94,130
126,3:117,84,58,130
126,4:133,72,39,130
126,5:47,31,13,130
127,0:95,53,19,144
128,0:146,140,105,181
129,0:68,83,74,196
13,0:98,90,90,191
130,0:22,33,31,193
131,0:97,83,60,144
132,0:127,127,127,6
133,0:50,137,74,196
134,0:70,52,30,181
135,0:132,121,83,181
136,0:104,74,52,181
137,0:114,88,71,196
138,0:95,136,136,144
139,0:76,76,76,126
139,1:64,76,64,126
14,0:104,102,92,191
140,0:80,45,34,117
141,0:16,132,2,125
142,0:28,170,36,106
143,0:109,85,48,21
144,0:110,110,110,191
145,0:45,43,43,140
146,0:93,68,29,191
147,0:212,201,68,101
148,0:186,186,186,101
149,0:114,106,104,105
15,0:98,94,93,191
150,0:125,108,103,106
151,0:93,81,63,112
152,0:113,18,6,191
153,0:84,57,54,191
154,0:76,76,76,133
155,0:158,156,152,191
155,1:154,153,148,191
155,2:156,153,148,191
156,0:167,164,159,177
157,0:102,77,64,162
158,0:70,70,70,191
159,0:140,118,108,191
159,1:108,56,25,191
159,10:78,46,57,191
159,11:49,40,61,191
159,12:52,34,24,191
159,13:50,56,28,191
159,14:96,40,30,191
159,15:25,14,10,191
159,2:100,58,72,191
159,3:76,72,92,191
159,4:124,89,24,191
159,5:69,78,34,191
159,6:108,52,52,191
159,7:38,28,24,191
159,8:90,70,65,191
159,9:57,61,60,191
16,0:85,85,85,191
160,0:255,255,255,119
160,1:214,126,51,119
160,10:126,62,177,119
160,11:51,75,177,119
160,12:102,75,51,119
160,13:102,126,51,119
160,14:152,51,51,119
160,15:25,25,25,119
160,2:177,75,214,119
160,3:102,152,214,119
160,4:229,229,51,119
160,5:126,203,25,119
160,6:242,126,165,119
160,7:75,75,75,119
160,8:152,152,152,119
160,9:75,126,152,119
161,0:28,71,10,117
161,1:28,71,10,117
162,0:85,64,52,191
162,1:42,33,21,191
163,0:119,64,36,177
164,0:43,27,12,177
165,0:96,134,86,191
166,0:212,23,23,120
167,0:171,171,171,79
168,0:72,113,101,191
168,1:66,106,96,191
168,2:40,58,50,191
169,0:116,134,128,191
17,0:90,73,45,191
17,1:65,49,28,191
17,2:137,128,112,191
17,3:77,61,32,191
170,0:108,84,12,191
171,0:210,210,210,63
171,1:206,117,56,63
171,10:121,56,170,63
171,11:44,52,133,63
171,12:72,48,28,63
171,13:48,64,24,63
171,14:141,48,44,63
171,15:24,20,20,63
171,2:170,76,178,63
171,3:101,129,190,63
171,4:165,157,36,63
171,5:60,165,52,63
171,6:198,125,145,63
171,7:60,60,60,63
171,8:145,153,153,63
171,9:44,105,129,63
172,0:100,62,44,191
173,0:12,12,12,191
174,0:109,129,164,191
175,0:234,195,34,73
175,1:142,148,134,93
175,2:63,95,55,101
175,3:60,94,53,138
175,4:112,62,6,118
175,5:136,136,147,150
176,0:151,148,148,108
177,0:151,148,148,108
178,0:75,72,72,112
179,0:110,57,20,191
179,1:109,56,18,191
179,2:112,57,20,191
18,0:30,76,10,117
18,1:30,76,10,117
18,2:30,76,10,117
18,3:30,75,8,149
180,0:116,59,21,177
181,0:110,57,20,191
182,0:129,66,23,130
183,0:55,43,27,64
184,0:107,99,67,64
185,0:83,59,43,64
186,0:35,23,11,64
187,0:95,51,27,64
188,0:63,47,28,97
189,0:115,107,73,97
19,0:129,130,56,191
19,1:106,105,41,191
190,0:92,65,47,97
191,0:36,23,10,97
192,0:99,55,31,97
193,0:108,85,58,162
194,0:215,207,166,162
195,0:170,125,90,130
196,0:160,92,57,124
197,0:69,45,22,162
198,0:140,131,123,29
199,0:62,38,62,159
2,0:78,87,44,196
20,0:152,171,171,52
200,0:97,80,97,159
201,0:110,81,110,191
202,0:114,85,114,191
203,0:116,86,116,177
204,0:110,81,110,191
205,0:129,96,129,130
206,0:152,154,114,191
207,0:171,137,90,76
208,0:99,77,48,185
209,0:19,18,30,195
21,0:74,81,98,191
210,0:84,72,112,191
211,0:86,104,97,191
212,0:82,114,168,191
22,0:25,45,92,191
2256,0:74,72,61,144
2257,0:54,70,47,144
2258,0:72,56,53,144
2259,0:67,47,47,144
2260,0:58,74,53,144
2261,0:61,56,74,144
2262,0:69,58,74,144
2263,0:47,47,47,144
2264,0:74,74,74,144
2265,0:54,63,51,144
2266,0:42,42,42,138
2267,0:58,63,69,144
23,0:76,76,76,191
24,0:158,153,116,191
24,1:142,138,104,191
24,2:144,140,106,191
25,0:74,49,37,191
255,0:47,37,39,195
256,0:121,108,91,61
257,0:104,94,75,78
258,0:115,108,90,73
259,0:77,77,77,95
26,0:177,118,119,255
260,0:189,29,38,140
261,0:82,68,44,74
262,0:115,109,91,42
263,0:22,22,22,137
263,1:33,30,23,151
264,0:95,182,166,144
265,0:140,140,140,156
266,0:186,171,47,156
267,0:123,123,120,93
268,0:79,60,21,93
269,0:87,62,25,61
27,0:156,99,65,179
270,0:78,58,22,78
271,0:83,62,24,73
272,0:95,95,93,93
273,0:96,87,66,61
274,0:88,78,62,78
275,0:94,83,69,73
276,0:30,112,95,93
277,0:54,104,75,61
278,0:52,88,62,78
279,0:52,101,76,73
28,0:119,97,87,164
280,0:77,59,23,43
281,0:70,46,7,98
282,0:111,80,49,98
283,0:123,123,54,93
284,0:112,104,41,61
285,0:98,91,39,78
286,0:111,104,41,73
287,0:153,153,153,88
288,0:205,205,205,72
289,0:81,81,81,113
29,0:86,86,69,191
290,0:82,60,21,59
291,0:86,73,51,59
292,0:99,86,64,59
293,0:60,82,51,59
294,0:95,82,34,59
295,0:60,134,26,38
296,0:123,129,36,134
297,0:110,82,25,152
298,0:112,52,30,102
299,0:155,71,40,156
3,0:97,69,48,191
3,1:78,56,38,191
3,2:72,50,29,191
30,0:221,221,221,114
300,0:130,60,35,131
301,0:123,55,32,101
302,0:80,77,77,102
303,0:114,114,114,156
304,0:91,91,91,131
305,0:85,85,85,101
306,0:97,95,95,102
307,0:145,145,145,156
308,0:112,112,112,131
309,0:103,103,103,101
31,0:122,79,25,100
31,1:48,128,37,172
31,2:42,123,40,101
310,0:47,102,90,102
311,0:47,160,140,156
312,0:42,118,107,131
313,0:45,106,95,101
314,0:115,105,50,102
315,0:178,166,60,156
316,0:140,126,50,131
317,0:126,113,47,101
318,0:60,60,60,127
319,0:164,94,94,143
32,0:122,79,25,100
320,0:148,130,90,143
321,0:134,123,106,173
322,0:173,158,61,140
322,1:173,158,61,140
323,0:111,89,52,156
324,0:142,116,68,131
325,0:128,128,128,155
326,0:110,120,151,155
327,0:153,134,115,155
328,0:63,64,67,174
329,0:153,73,35,131
33,0:89,81,66,191
330,0:188,188,188,131
331,0:92,0,0,113
332,0:193,202,202,140
333,0:99,80,44,184
334,0:147,68,39,150
335,0:159,159,159,155
336,0:119,58,40,156
337,0:112,116,133,120
338,0:114,147,78,111
339,0:204,204,204,126
34,0:152,127,86,255
340,0:91,75,44,179
341,0:103,160,96,140
342,0:92,80,58,184
343,0:62,63,65,184
344,0:179,166,124,139
345,0:69,61,59,166
346,0:88,74,57,75
347,0:144,149,108,200
348,0:153,153,0,113
349,0:93,126,124,115
349,1:129,72,68,116
349,2:192,114,67,114
349,3:184,171,38,177
35,0:162,162,162,191
35,1:170,93,40,191
35,10:94,38,142,191
35,11:28,37,112,191
35,12:62,37,20,191
35,13:41,56,17,191
35,14:120,33,29,191
35,15:20,17,17,191
35,2:138,54,146,191
35,3:76,101,154,191
35,4:141,132,20,191
35,5:42,137,34,191
35,6:158,96,113,191
35,7:48,48,48,191
35,8:116,121,121,191
35,9:29,85,109,191
350,0:136,131,133,103
350,1:145,80,43,105
351,0:49,43,49,82
351,1:162,33,33,130
351,10:99,167,12,105
351,11:189,166,33,129
351,12:103,144,199,106
351,13:174,85,170,105
351,14:202,127,36,126
351,15:158,158,171,161
351,2:60,88,20,139
351,3:99,59,34,141
351,4:37,77,169,128
351,5:136,65,177,105
351,6:33,105,134,121
351,7:148,148,159,120
351,8:111,111,111,105
351,9:201,126,165,105
352,0:202,202,182,49
353,0:191,191,200,113
354,0:178,150,139,208
355,0:126,43,37,141
356,0:109,78,70,65
357,0:187,113,53,166
358,0:170,170,121,126
359,0:109,95,89,91
360,0:159,85,46,126
361,0:205,199,149,41
362,0:56,45,22,45
363,0:146,47,42,144
364,0:86,49,35,144
365,0:192,150,139,183
366,0:147,97,65,183
367,0:129,64,35,138
368,0:18,87,75,148
369,0:197,140,26,58
37,0:124,170,0,39
370,0:137,153,153,50
371,0:176,166,46,49
372,0:119,28,37,62
373,0:131,137,170,93
374,0:201,186,176,52
375,0:90,20,41,62
376,0:120,47,57,97
377,0:192,114,20,114
378,0:176,135,58,139
379,0:125,122,96,108
38,0:108,48,5,47
38,1:35,152,134,57
38,2:180,145,210,51
38,3:166,194,143,55
38,4:105,137,40,63
38,5:95,135,31,64
38,6:97,153,68,63
38,7:102,148,74,62
38,8:180,202,140,58
380,0:60,60,60,102
381,0:82,125,94,148
382,0:188,107,54,126
383,100:144,128,58,139
383,101:99,60,40,139
383,120:84,60,51,139
383,50:5,77,5,139
383,51:106,106,106,139
383,52:64,23,22,139
383,54:27,117,104,139
383,55:67,119,55,139
383,56:159,159,159,139
383,57:126,95,78,139
383,58:11,11,11,139
383,59:45,33,38,139
383,60:62,62,62,139
383,61:174,141,29,139
383,62:82,58,0,139
383,65:38,33,25,139
383,66:42,36,14,139
383,67:36,36,36,139
383,68:99,89,64,139
383,69:86,60,88,139
383,90:163,100,97,139
383,91:166,150,150,139
383,92:69,62,55,139
383,93:133,75,75,139
383,94:42,58,71,139
383,95:148,139,133,139
383,96:117,49,51,139
383,98:132,119,69,139
384,0:140,162,66,138
385,0:67,45,21,140
386,0:130,111,101,186
387,0:98,58,44,179
388,0:50,177,88,141
389,0:108,81,52,190
39,0:144,110,85,30
390,0:105,56,44,109
391,0:153,121,22,90
392,0:215,166,86,115
393,0:206,143,69,121
394,0:201,183,81,100
395,0:203,203,148,124
396,0:164,127,25,90
397,0:101,101,101,111
397,1:25,27,27,111
397,2:45,71,34,111
397,3:45,32,20,111
397,4:71,119,66,111
397,5:21,20,21,151
398,0:93,72,39,85
399,0:172,188,167,96
4,0:89,89,89,191
40,0:194,53,53,38
400,0:213,129,68,142
401,0:170,98,89,57
402,0:95,95,95,123
403,0:114,74,50,178
404,0:105,76,66,77
405,0:55,27,32,156
406,0:186,174,163,123
407,0:99,65,54,184
408,0:58,59,60,184
409,0:104,159,143,110
41,0:182,173,57,191
410,0:140,182,167,105
411,0:216,172,158,174
412,0:172,112,76,174
413,0:122,79,40,100
414,0:172,132,89,71
415,0:157,121,81,113
416,0:110,90,58,104
417,0:70,70,70,98
418,0:124,70,13,98
419,0:57,83,117,98
42,0:169,169,169,191
420,0:141,107,81,88
421,0:159,144,116,120
422,0:105,90,80,184
423,0:181,63,56,121
424,0:115,69,52,121
425,0:151,148,148,108
427,0:108,85,58,162
428,0:215,207,166,162
429,0:170,125,90,130
43,0:120,120,120,191
43,1:158,153,116,191
43,2:114,93,57,191
43,3:89,89,89,191
43,4:106,72,62,191
43,5:89,89,89,191
43,6:38,18,22,191
43,7:158,156,152,191
430,0:160,92,57,124
431,0:69,45,22,162
432,0:121,89,121,134
433,0:135,94,135,173
434,0:138,57,57,134
435,0:171,137,90,76
436,0:91,36,15,98
437,0:207,166,181,101
438,0:79,82,116,90
439,0:54,51,22,79
44,0:133,133,133,130
44,1:178,172,129,130
44,2:127,103,64,130
44,3:102,102,102,130
44,4:113,78,68,130
44,5:94,94,94,130
44,6:33,17,19,130
44,7:184,182,176,130
440,0:75,75,85,54
441,0:87,96,138,79
442,0:80,74,57,124
443,0:97,97,106,136
444,0:77,59,33,184
445,0:128,113,70,184
446,0:97,67,40,184
447,0:108,63,31,184
448,0:59,41,16,184
45,0:106,72,62,191
46,0:110,61,48,191
47,0:92,74,48,191
48,0:88,104,88,191
49,0:14,13,21,191
5,0:114,93,57,191
5,1:68,50,30,191
5,2:129,118,81,191
5,3:101,72,50,191
5,4:113,61,33,191
5,5:41,26,12,191
50,0:132,113,66,27
51,0:203,124,45,184
52,0:23,34,40,119
53,0:119,97,60,177
54,0:93,68,29,191
55,0:207,0,0,27
56,0:94,102,104,191
57,0:74,161,157,191
58,0:81,61,37,191
59,0:88,105,7,176
6,0:69,108,17,129
6,1:52,57,33,107
6,2:120,152,86,129
6,3:48,86,19,106
6,4:113,115,21,97
6,5:58,85,29,123
60,0:93,64,42,185
61,0:69,69,69,191
62,0:68,65,61,196
63,0:111,89,52,156
64,0:142,116,68,131
65,0:121,96,52,145
66,0:121,107,86,145
67,0:93,93,93,177
68,0:111,89,52,156
69,0:103,94,66,27
7,0:61,61,61,191
70,0:111,111,111,101
71,0:188,188,188,131
72,0:136,111,68,101
73,0:97,78,78,191
74,0:97,78,78,191
75,0:94,56,37,27
76,0:177,77,42,36
77,0:97,97,97,21
78,0:174,184,184,191
79,0:90,126,186,191
8,0:26,60,163,106
80,0:174,184,184,191
81,0:8,71,17,172
82,0:116,120,129,191
83,0:148,193,101,141
84,0:76,52,38,191
85,0:105,86,52,97
86,0:129,77,14,191
87,0:81,38,37,191
88,0:62,46,38,191
89,0:100,81,46,191
9,0:26,60,163,106
90,0:64,8,140,191
91,0:141,93,18,191
92,0:229,203,204,211
93,0:151,145,144,255
94,0:164,144,145,255
95,0:209,209,209,39
95,1:145,69,0,70
95,10:59,0,111,64
95,11:0,22,110,69
95,12:44,22,0,69
95,13:44,66,0,69
95,14:92,0,0,69
95,15:0,0,0,81
95,2:107,11,143,64
95,3:26,80,147,57
95,4:157,157,6,73
95,5:75,135,0,81
95,6:177,50,91,56
95,7:0,0,0,58
95,8:25,25,25,30
95,9:0,52,79,58
96,0:115,83,40,82
97,0:92,92,92,191
97,1:89,89,89,191
97,2:89,89,89,191
97,3:76,78,70,191
97,4:78,78,78,191
97,5:78,78,78,191
98,0:89,89,89,191
98,1:77,80,71,202
98,2:80,80,80,202
98,3:78,78,78,191
99,0:91,68,53,196
